100660060157003751318598801902635814169736418583027364742298934223343449569437
101161786764348525066591491261997711106363827202194294581903467151132054304619
102045175595041339210825533388989955428335387336329367461549449321577611067849
102399960058480360560382233436501769015441053636470224116829301238855574341423
102776294847067297797462173898871510591961987725201902349900470130823252857969
103121060093528065588931220913041290008695870999131444110687893990647193441211
103143779220009815055871999351053377655105337765509502338758853279504546617773
103198585980625982266784616269180839316523456142557102204951398119795673682379
103696952893630304710636979898631592410136840758987352893630304710636969529041
103961079707245279027827919224827151522659628569137382871918079813172578634651
105063675759537616185766579696523164317674973900252936702189334964591732088241
106090899556425607737707265271266038076932823088353005638214037379265511156961
106654997233471827364739691429100173056507738104087391398651187523274267149727
106726423906350263081071892601980198019801980198020869244437083304611008738729
107003940600058015339509980945605655413176410548931511379148653023607126061851
107478032195671181992971205412389413458761058654124968914909567298361168653401
107747274106203014799213639734766189723439002658741555717306632292618408656007
108012740306574634222429555736116827539703768780910395707830545180291984401893
108949114984839087587753214986388591158638859115862796420436540200282761326967
109248401708254595964990155678477525706790360295406435363735488133076379639197
110014272118963604222722980885554880011444511998856648942835634756030782717811
112306382970878458170571449890239097609023909760901267912260530313027318195263
113197553483703146079802881326310633675101182889421336911016971610182430644117
113465877097816497033013169345757049865424295013458705157425221115104905836681
114406921901438864665173623504582654897243436645016654982844283150531159019213
114955128211691382598537909276804289992319571000769192451205312623833665808093
115467168961970303572446340121217832688973373217684739464361952726405718495053
115748761921392419139065492557933579335793357933578178305738719655144402703009
117975918666034023865423643199999999999999999999998820240813339659761345763569
119546586661184989803037831293544675576757730726155861102871955235080430149219
120419148276593288446603002143089299045691070095432097181939676633838774959927
122005957947067998134074552281027144951897285504811491509098443535029443460019
123847183517536274372426293984767660873528586058758451982757085025157447441579
124885475564711452443528867244194670995580532900443195564711452443528854755773
126489875767952744126398442547546630300350909256616978452222911386683516359641
128772779718735041340491904600000000000000000000001287727797187350413404919047
129435703805416262702937085353526068923990166106387655693521762083154129868797
129676130180785861541414596482843961231715603876829736373618963897383698542089
130603167331806736602784256810934068501471893836735295061733532079823355831093
131266401792221725878804982665097348910969913194582836878779728729267277003521
131605829655756060313323095677777036876149352434580687065982528215113150498047
134275522715657551572211675748002295775014048623233580222321043700857193337529
134639204283071008133711984600000000000000000000001346392042830710081337119847
134701303103332080016838057176524869822781696265937763526414863965328861889943
135482429278576282382851946898683365073852400252403805519672829873166358542139
135562432898077930910727910813874859501945254874495958707742264598121124828357
137903826569204810490215332170297029702970297029704349335295395018401931856293
138695109635696119604634717886081743811391825618862204389210275217384654521561
138847647371010163214495498736670633293667063329365317856462960531661522108343
139037505677184783884608282970653255310042712742275666690268759156432428144877
140195911891803555908823107904486561392475139479740623921982896755199427297449
140806718619797599784065861432223586203222358620320827794846025610205381700007
142186463092770121578401850412281391938771860806124235784018646309277012157699
143196820753515438850246610771580345285524568393092857540424602959821324891131
143433509713438604864875117566244114451285766026800449040491420485374748568637
144348293424491045033822156903724879035425781876471147694745606712647044233743
145681134927947525880214892454455462018473523364384283673260441889814761663281
146047522357415849750914225706265197254018993660400130151296151243401856897903
147459691409761817189735006532921082504269492142520137373657417671278167245009
150960044014205130229293133672914147419564451969936184963701872632415631335161
152257095362670327455157937787974682165339537946462787586641297413336142690891
155356213925843533146782044122812443817792973950381505332650940077033656301531
155486912329036071083863184367494147482101852285617761880291457849474389930089
156283065578534364365427447353187130164681286983533434132302598213478972987491
158213165020388969626175533925703658667429634133258618718324500231028832121207
159064833281870755065684010573121622520933124847956530272487259022435091346413
159162009958733487619676266454909076705100297928701477507171719538789959744007
159638855370236582042600019826917360082691736008267577212273214994262265735811
161265161989595480604056118759488853828728241453620693799015179900098791163681
162740699817013247617982762902970297029702970297031330377295199835446476857333
164685274739489872621965135600000000000000000000001646852747394898726219651357
169265914091897451922450929000000000000000000000001692659140918974519224509291
171473046994052695300594713322635827547736417245228073005947304699405269529889
173231457587441095803862231827439059482862694307025380513473896859968102630691
173317795422762179518133195286007164071399283592861804818668220457723782048361
174368067379894542584826976669306930693069306930694812987604492014732778962837
174416036265711422971085608102753697941797973411425846920716062215642332942237
176376403560044141745652723069562051420493898800399094781953742756259891341009
178585623779834874300619969618441765775891183726785968094217716451003260200143
178626931536576762607156524278939106305627661389871292471886791879869220130539
180708970287914128159266555026456446382645644638262757374123577305101052979089
182268548960899382366282667262754097733724590226629363662826854896089938236447
183407828847141855954697158157494278219998091452962140578787771622281714236087
184152674446409668431846723254992475976454610466106414548423682415296209337687
184539352229016644471904303051028950324856490643129707299948865859097435747259
186318430321183489750131464027375818122121980859122564892625206911235245251197
186843542252635303546929649048987303004434434557080739358711992604483646837687
187478368772693946031512695506686530023975466372329086120387224027445250030807
188285325989771467401022872088430313651156968634886185989771467401022853260087
188890046385970548899339316030076005939342261948514010601160638611207320980343
189392925620920972925965641150881883973634010422804477649222060093536364729619
189772651884070914256341302253617247501776698393515696911756409113187597235219
194367015632344123360952914610425026279376024905822064511047667938050401045173
195327674097329859269552814836752076511324420632041111433092774516215133281329
196348952008203714615417656848503272415149672758486996213671578764731004503811
197097326601232261516397349000000000000000000000001970973266012322615163973491
198354313037063014015140465433466135458167330677288853110256083553126780866263
200011354747044910675508588865069456781815830905435280046173518035976821037051
206147678709705718634372847657121941342304876719154364235407037173301328187167
206653963606888436383294604592327927760767207223925345817243740956603065738823
209221604136979643708871066200000000000000000000002092216041369796437088710663
211376841674245438182607718660742972374547623526398064562773764515517487646201
212022208224394637998808639363735017437315595710742560640751498895467364572411
212722498731358728436647203715063714148493628585152764366472249873135872843453
215527777630548399999492301863367324279542038307975806224769659345724013557579
218155270576593075778948217613318340500834852028353331380901748600223510927049
219110547716798332596590639226154404886719069972369399686562014016634882053397
221475953969898981930065538659405940594059405940596274165480293049225241249447
224295832898539321842271608618532234745685810751617566526618171938535020722213
224296376533049978155474730875245521160793211787429285698644423039593453471409
225741451449546685239849285257720986373086626845082625416203973382556450519939
227250888386280730612018887245757432653929511780880609046289608283588078469211
227807657009298723093958053789327286301067271369895550939580765700929872309169
229746596762349269905186413245072013555492798644453017601522551479143559065489
234549467867878380833468176164275777129873449438860528196879579479969724439647
235021168103212086515291687199663525906241112436337724336344865276154457251001
236224754611129834730225246953059954231971433096502572181955287994413537278503
239993752803634706267970152280235390891787927431583674983655083716703336076369
241250814125307968883679396047756497584537340042051165983346038137153300302491
242586789733021110459000600600000000000000000000002425867897330211104590006007
243183949014927023425200549067508315153249168484677514991022640955081002837007
253429791916962973596702186949187214843297260387514679367045182898906577912247
253669705822500705393293787335581466387450628396333254495651222598676816220653
254254676141383570860087241535462985346735612590729829545352969351313672868047
262103429119199167945620476624584545604894238201031650515072459406835272989571
266304504946526070536614372662680268571916159436264323222977391930910577482973
268914066070532700590486158064278424550142700031603063963087510922663029203767
270257219747423459361439857634345090951509395981302727115075068336316448450207
270589088574753649400159596274661834072298545964996275197482844907759384619357
272004161007574563411011373691936174010806382598922081781718139571623303731139
273042524491842744833146140758215531940924590796858841252881980844293616750647
273259600962261638330283444040093909555990609044403671691569528706827312225397
278196098022362872098733279023044014522748093514533849383624053709471196428009
279106422730037309251182292800000000000000000000002791064227300373092511822929
280755646062742260320646594744911305474720008058881613561193161845290865989731
281439083691876265885412603163817741532445509492711854777209371760519308873299
284243574891473809514136089198019801980198019801983040455550894936114943341091
284276453411534028035970461227425618010366186558149992407954782188588578517767
285742041527477299490639161123357331989500841899636823412645186105420307132049
287499202777442315957986015888116725555408889498337961483534676083321546721481
290450911606795816647437880936131553057825367231220181598925455067919452530813
294813531531685766176369676196891140428141908855513871553798725956529121854921
297215175503237534711701807063713989762718965576733521476845991352756325308281
298873492790790122535672217525153219463310528689360430007737862320743572958143
299025349388808526725204086588641045090247890299716824540938188255797376523739
299301862794149408924633048558127773504187222649584270753669813720585059107837
301813677375713709213198106592389399520761060047926912131981367737571370921019
303900300827155765796164239600000000000000000000003039003008271557657961642397
309163948553945084227057672298741347716954037804471146037771201024873706748733
311432869143579378013477038534376569609130020781556959723955794686143351299579
311802490041695418866646075590970336397832585875075052625918083386838845349851
312753253837127111028684695639009435438388283743376571984738417273283306635893
315829328070203921589804676870757455092711670116901451071120518972200569197049
317550237765453495726460008494190883270580911672945084335083463651686683688413
318141247501463818047385345443965798201125704627361386620468441838026352519367
321459832276052205761844827601566971538685646097745343795965595464476322762379
323703807588756989678360578580198019801980198019805217236095689550094803407767
325860356852099073146932847201874038839812596116021998991966646951891656732357
326817098354552015880920480148538319864500330170111465443660832805955446994281
328091927941944268757762198596882200660179975627851818889339442587349864764729
341371863428289424431784954591336468538278370670890350887556261651902354898477
349185506593174310412071889984482402421551759757848315879281449340682568959143
352222606963888693180977768188623431509561143979045244802591848885814421808859
353849044556258162251944172550495049504950495049508488985495067532117568946677
355113394566401646430604544769251759538110846741322331187522143609149951874969
355225927785070227003395523806231416878771790591482128363863837174909025193331
356131133087411666736469701725218864727478113527255749958605655251939886583491
364641766417664176641766381200000000000000000000003646417664176641766417663813
365679666903263149136281516772568667039632702521178071441641489837565322232579
370704002843553325345623181058233248931401014136164282819803502894960813308223
379560621620389268289039070467086771853291322814674663324749117120829599067891
385619554257588571068976234104531311469546868853049169310238044574241142893489
394165829897152791879328708242349015747919571334606737875407384140532364078369
402436153933420190454269862140228025242947105313135307683718822110190994048127
406102789675164304213560195206456602100645660210060504993109704959058510058259
406667991743946553463774268229593271649985548960194776521589921034569499367647
408119521912350597609561793800000000000000000000004081195219123505976095617939
411195698912547096775411915869555579713044442028699667754119569891254709677131
413200172931720386719908999643240089787053449145234742362120298951676918621143
414120785672751285435232123309252525833568487338904347909013939663156189951533
418822900529656354594640593200000000000000000000004188229005296563545946405933
422269842415599469692739483772608438877260843887721861690348452444180333449051
426712867300444834803775434664438605038951515745742479315187499446803536820329
427384772191797018084425365623675395608387616901563365620646634578663745074117
433978745581305587403980440559269352200946855538815445368019790957681488724441
442041699422850177854413456580811808118081180811803697664186583306339537046247
454170825299298484652709100453837618573904859002379168807657542918854240998689
466892625396667068252712027601392780112715005589964119298551662894225277966487
472984737060655879999647866822508235349303076639737493116604696081706233694411
473686027298314446114217972205327703463304603438237316399770090458726474371757
477638510975237844336323746276889953892311004610773675924032862424551052232853
480158014144787463571171649108037905169861755813362547065010894537110315111009
492747778823182230447996929453447951634655204836539406994134783870669824764459
493954178425561731956763542872407571932759242806729015261111848045386808392623
495253095601141862738759816854591207498714080171356240142941993070672697629223
499866866391762099750998815638816776251310293694810808639179445852648433327687
500862462972442935943715638588633939145080287679889755378340511599160322715887
502985323798960269517026770092692932806409314396441018930723889372173248732211
505096250755433034320359386198046621520440591670692726708335410771999748410089
508599383890198885167207772800000000000000000000005085993838901988851672077729
514259028986704582563953459217885812838211418716184000718671981232987428115877
514727547048726093283607223997732556060226744393982472836072754704872609327847
522993849938499384993849886200000000000000000000005229938499384993849938498863
528766584241394185729702805435490822473270197785170337690364391621651829743437
529107841928563961828868159134359317210195880640442503778331920170061939956557
532719457100887256077920280454895371697980472261340999296211624527423974982367
533226475506552498470558658794690765320530923467952239917960374759664174663121
540220960702188610492555118837325423908087752711666032106631075109997852062157
546029027354468834509564407438316360636168363936388623896635228327708927280139
546252229965565535550247177777996444811119341891832414541333129901547860609463
546604099822943177595011303895155574922992831278271046504034147401530363379171
554955730308892342073023223914146507754036423362406412766438595571130696918049
560115352553613396578073905516513393804559705914314911270575837817607703269649
562704768400947496083082228508335350529195631016038730837919940692671959952613
563933187553332799078502619399999999999999999999994360668124466672009214973807
565846968388590592919470371464828795126564057018083112837747381232931682553409
566195098387120540760782007603381044119661895588039472392180490161287945924489
572346374402457595669403594920929040581064904831353506684379481336055733880527
575862982064581419199102464213738394537150731883988199020730144373173844966207
590321596411931186972352757067992100473200789952685824220696127211396522737619
593441471457231303260137154716015043788398495621166084852598557269244202875927
603210405172012222763307413902812992086050321663672378177247488482804533293703
605755611093363740646859213836363636363636363636357578807525429998957167771499
608867320670239263592837393764786667143521333285653955344641915725492407040653
612320868536714324860335121644559183460317047162035848418773138536650568129649
616029949962244159475320237896627445370337255462972434753202994996224415946917
616816541882538110420491840325968169239303484235790300366122870023631760554649
617329212662012613444933491200455794363527362627397833845086282362059980736167
618271984774173170435228279682908336611709166338835266085964833395092643116459
618309117052759884202683029339615893566038410643402342026830911705275988419651
623778170245893717759243699401715697983240604183690502389867339386882825932681
631316272761973527415989133229220988642922098864285896723701601253368762207533
633346235947092911060475441993431214418390033671823685880761970909892762428583
644932077383205251103786366811529010957686707927218695468490900079796118495211
657951155025390391851145750623045224237579509573884542792972169854032445931607
658835362802574648362658485124012955965806112283104479941683343742565841711009
659494524783233358599070133389318175987153120770101932789601235617768598954481
667927243409423431396656012717280757919140896134789656997474367002484810266121
671841493858990084810732979050211361349408386184429269678856424469806389157761
675577851139649625744423484544414967404483645936052958662985343952107149371127
679261809913520645620325969333432825398496451948357026593628058023333036265091
681549960333164236019692857175430634092679634527283613623999925756343017009053
687633470677221782290255724124053775506947888603894850741982588423606146944801
687798997962491056849577870109957754817318739416916717680911560024224229195607
699441458154973350976642637299283706298421738279805482323714487090983072259047
707670973247302420080539638108113317273201769974325052478935799655622197170407
711409785381353143007275311139362008638076194322050119838347050276189359452613
712355526092853338675681683937115350479959119350440522280605934944607934117849
717180585872187669298259358357568530084294271632041134786701068927141512235143
737559265390268139180265744734289694562755636434446777836315553594171840787969
742082253283509507934321818554944555931845522111020802090075779093414481606493
745175260603952020078421573896872115078052740094818833115549276376872785358939
747309986433948331138871484393586093739287336616994032028971161036699437029881
760861665302171974331992890245345481968114037406861209497425267733715588010703
778290708605518156066349911693246595868767219084035039301872960330255214694037
785672335388621645789755206833167831896591863793361436660328634449418414885531
786089707513198234766074126828985615675108079931308771355792892463890978083939
792598662329166252774285489423184176396594434733229138246989347636955936758179
800574974150980105546362319156732250657958836583822987128702238316023197024893
813504739702699115672266344317817405731908557770032421693947630670296023417733
818147737390995821302360443650835091734916490826516532394723074866478107113611
847050250850823995298285906590948347730489257083797427317425866402598223529493
852846790016359310712812686508314302760267885875127311501492759424953605553049
870111508607118940669232550437307882971933322344894224433884044185743723982971
879460407291288909077662641436882772716311722728377622331236030116374464903687
913519836044637870189604195143145704730370542919428113251970203287904737924783
914393871729752666282533557320565020726239541797625552008945863486407463266809
919116554066373700964073557157673216092592938175891954793740380509607610393117
927337637351228483646912327982811329829448854870843859112730595465913660756921
936809648738134319228344650275255739872474426012761925495212125603319809020491
939739803631054442397692743974908207557490820755739684677538597663133513893317
940952316284530956198913496829005340743539404054727887576303080336497605391303
950556848875840157472795747027283930816939814139347136759263586084653045834929
971221918618844777927079289039652549424351177367330682655159663078247556850241
975742234594943254152964455600153998460015399845991782562254204565918485755291
980812225116167800435264086988369728088291222526094115553548159284402941621099
